Max: 480 -1.3862943611198906
Min: 622 -18369.886174019804

Max: 776 -1.3862943611198906
Min: 622 -18287.143166546903

Max: 421 -1.3862943611198906
Min: 622 -17555.82885415734

Max: 303 -1.3862943611198906
Min: 622 -18383.234407242093